# Saída de dados
#
#	Exercício 01: Solução do P.V.I.
#
#		du/dt = f(t,u(t)) ,
#
#		f(t,u) = (1 + exp(-t)) * u*u / (1 + u*u*u*u)
#
#		u(t0) = u0
#
#	pelo método de Runge-Kutta RK2 com passo uniforme.
#
#
#	! tempo inicial    t0 = 0.000000e+00
#	! tempo final      tf = 1.000000e+01
#	! valor inicial    u0 = 1.000000e+00
#
#	! passo utilizado  h  = 1.000000e-02
#	! numero de pontos nt = 1001
#
# t		u
0.000000e+00	1.000000e+00
1.000000e-02	1.009975e+00
2.000000e-02	1.019896e+00
3.000000e-02	1.029760e+00
4.000000e-02	1.039566e+00
5.000000e-02	1.049309e+00
6.000000e-02	1.058987e+00
7.000000e-02	1.068599e+00
8.000000e-02	1.078142e+00
9.000000e-02	1.087614e+00
1.000000e-01	1.097014e+00
1.100000e-01	1.106340e+00
1.200000e-01	1.115591e+00
1.300000e-01	1.124766e+00
1.400000e-01	1.133864e+00
1.500000e-01	1.142884e+00
1.600000e-01	1.151826e+00
1.700000e-01	1.160690e+00
1.800000e-01	1.169473e+00
1.900000e-01	1.178178e+00
2.000000e-01	1.186803e+00
2.100000e-01	1.195348e+00
2.200000e-01	1.203814e+00
2.300000e-01	1.212200e+00
2.400000e-01	1.220507e+00
2.500000e-01	1.228736e+00
2.600000e-01	1.236886e+00
2.700000e-01	1.244958e+00
2.800000e-01	1.252952e+00
2.900000e-01	1.260869e+00
3.000000e-01	1.268711e+00
3.100000e-01	1.276476e+00
3.200000e-01	1.284166e+00
3.300000e-01	1.291782e+00
3.400000e-01	1.299325e+00
3.500000e-01	1.306794e+00
3.600000e-01	1.314192e+00
3.700000e-01	1.321518e+00
3.800000e-01	1.328773e+00
3.900000e-01	1.335959e+00
4.000000e-01	1.343076e+00
4.100000e-01	1.350125e+00
4.200000e-01	1.357107e+00
4.300000e-01	1.364023e+00
4.400000e-01	1.370873e+00
4.500000e-01	1.377658e+00
4.600000e-01	1.384380e+00
4.700000e-01	1.391039e+00
4.800000e-01	1.397636e+00
4.900000e-01	1.404171e+00
5.000000e-01	1.410647e+00
5.100000e-01	1.417063e+00
5.200000e-01	1.423420e+00
5.300000e-01	1.429719e+00
5.400000e-01	1.435962e+00
5.500000e-01	1.442148e+00
5.600000e-01	1.448279e+00
5.700000e-01	1.454355e+00
5.800000e-01	1.460378e+00
5.900000e-01	1.466347e+00
6.000000e-01	1.472264e+00
6.100000e-01	1.478130e+00
6.200000e-01	1.483945e+00
6.300000e-01	1.489710e+00
6.400000e-01	1.495426e+00
6.500000e-01	1.501093e+00
6.600000e-01	1.506713e+00
6.700000e-01	1.512285e+00
6.800000e-01	1.517811e+00
6.900000e-01	1.523291e+00
7.000000e-01	1.528726e+00
7.100000e-01	1.534117e+00
7.200000e-01	1.539464e+00
7.300000e-01	1.544768e+00
7.400000e-01	1.550029e+00
7.500000e-01	1.555248e+00
7.600000e-01	1.560426e+00
7.700000e-01	1.565563e+00
7.800000e-01	1.570661e+00
7.900000e-01	1.575718e+00
8.000000e-01	1.580737e+00
8.100000e-01	1.585718e+00
8.200000e-01	1.590660e+00
8.300000e-01	1.595565e+00
8.400000e-01	1.600434e+00
8.500000e-01	1.605266e+00
8.600000e-01	1.610062e+00
8.700000e-01	1.614824e+00
8.800000e-01	1.619550e+00
8.900000e-01	1.624243e+00
9.000000e-01	1.628901e+00
9.100000e-01	1.633526e+00
9.200000e-01	1.638119e+00
9.300000e-01	1.642679e+00
9.400000e-01	1.647207e+00
9.500000e-01	1.651703e+00
9.600000e-01	1.656169e+00
9.700000e-01	1.660604e+00
9.800000e-01	1.665009e+00
9.900000e-01	1.669384e+00
1.000000e+00	1.673729e+00
1.010000e+00	1.678046e+00
1.020000e+00	1.682334e+00
1.030000e+00	1.686593e+00
1.040000e+00	1.690825e+00
1.050000e+00	1.695030e+00
1.060000e+00	1.699207e+00
1.070000e+00	1.703357e+00
1.080000e+00	1.707482e+00
1.090000e+00	1.711580e+00
1.100000e+00	1.715652e+00
1.110000e+00	1.719699e+00
1.120000e+00	1.723721e+00
1.130000e+00	1.727718e+00
1.140000e+00	1.731691e+00
1.150000e+00	1.735640e+00
1.160000e+00	1.739565e+00
1.170000e+00	1.743466e+00
1.180000e+00	1.747345e+00
1.190000e+00	1.751200e+00
1.200000e+00	1.755033e+00
1.210000e+00	1.758844e+00
1.220000e+00	1.762632e+00
1.230000e+00	1.766399e+00
1.240000e+00	1.770144e+00
1.250000e+00	1.773868e+00
1.260000e+00	1.777571e+00
1.270000e+00	1.781253e+00
1.280000e+00	1.784915e+00
1.290000e+00	1.788557e+00
1.300000e+00	1.792178e+00
1.310000e+00	1.795780e+00
1.320000e+00	1.799363e+00
1.330000e+00	1.802926e+00
1.340000e+00	1.806470e+00
1.350000e+00	1.809996e+00
1.360000e+00	1.813503e+00
1.370000e+00	1.816991e+00
1.380000e+00	1.820462e+00
1.390000e+00	1.823914e+00
1.400000e+00	1.827349e+00
1.410000e+00	1.830766e+00
1.420000e+00	1.834166e+00
1.430000e+00	1.837549e+00
1.440000e+00	1.840915e+00
1.450000e+00	1.844264e+00
1.460000e+00	1.847597e+00
1.470000e+00	1.850913e+00
1.480000e+00	1.854213e+00
1.490000e+00	1.857497e+00
1.500000e+00	1.860766e+00
1.510000e+00	1.864018e+00
1.520000e+00	1.867256e+00
1.530000e+00	1.870478e+00
1.540000e+00	1.873685e+00
1.550000e+00	1.876877e+00
1.560000e+00	1.880054e+00
1.570000e+00	1.883217e+00
1.580000e+00	1.886365e+00
1.590000e+00	1.889499e+00
1.600000e+00	1.892619e+00
1.610000e+00	1.895725e+00
1.620000e+00	1.898816e+00
1.630000e+00	1.901895e+00
1.640000e+00	1.904959e+00
1.650000e+00	1.908011e+00
1.660000e+00	1.911049e+00
1.670000e+00	1.914074e+00
1.680000e+00	1.917086e+00
1.690000e+00	1.920085e+00
1.700000e+00	1.923071e+00
1.710000e+00	1.926045e+00
1.720000e+00	1.929006e+00
1.730000e+00	1.931955e+00
1.740000e+00	1.934892e+00
1.750000e+00	1.937817e+00
1.760000e+00	1.940730e+00
1.770000e+00	1.943631e+00
1.780000e+00	1.946520e+00
1.790000e+00	1.949398e+00
1.800000e+00	1.952264e+00
1.810000e+00	1.955119e+00
1.820000e+00	1.957963e+00
1.830000e+00	1.960795e+00
1.840000e+00	1.963617e+00
1.850000e+00	1.966427e+00
1.860000e+00	1.969227e+00
1.870000e+00	1.972016e+00
1.880000e+00	1.974794e+00
1.890000e+00	1.977562e+00
1.900000e+00	1.980320e+00
1.910000e+00	1.983067e+00
1.920000e+00	1.985804e+00
1.930000e+00	1.988531e+00
1.940000e+00	1.991248e+00
1.950000e+00	1.993955e+00
1.960000e+00	1.996652e+00
1.970000e+00	1.999339e+00
1.980000e+00	2.002017e+00
1.990000e+00	2.004686e+00
2.000000e+00	2.007344e+00
2.010000e+00	2.009994e+00
2.020000e+00	2.012634e+00
2.030000e+00	2.015265e+00
2.040000e+00	2.017887e+00
2.050000e+00	2.020500e+00
2.060000e+00	2.023104e+00
2.070000e+00	2.025699e+00
2.080000e+00	2.028285e+00
2.090000e+00	2.030862e+00
2.100000e+00	2.033431e+00
2.110000e+00	2.035992e+00
2.120000e+00	2.038544e+00
2.130000e+00	2.041087e+00
2.140000e+00	2.043622e+00
2.150000e+00	2.046149e+00
2.160000e+00	2.048668e+00
2.170000e+00	2.051178e+00
2.180000e+00	2.053681e+00
2.190000e+00	2.056176e+00
2.200000e+00	2.058662e+00
2.210000e+00	2.061141e+00
2.220000e+00	2.063612e+00
2.230000e+00	2.066076e+00
2.240000e+00	2.068531e+00
2.250000e+00	2.070980e+00
2.260000e+00	2.073420e+00
2.270000e+00	2.075854e+00
2.280000e+00	2.078279e+00
2.290000e+00	2.080698e+00
2.300000e+00	2.083109e+00
2.310000e+00	2.085513e+00
2.320000e+00	2.087910e+00
2.330000e+00	2.090300e+00
2.340000e+00	2.092683e+00
2.350000e+00	2.095059e+00
2.360000e+00	2.097428e+00
2.370000e+00	2.099790e+00
2.380000e+00	2.102145e+00
2.390000e+00	2.104494e+00
2.400000e+00	2.106836e+00
2.410000e+00	2.109171e+00
2.420000e+00	2.111500e+00
2.430000e+00	2.113822e+00
2.440000e+00	2.116137e+00
2.450000e+00	2.118447e+00
2.460000e+00	2.120750e+00
2.470000e+00	2.123046e+00
2.480000e+00	2.125336e+00
2.490000e+00	2.127620e+00
2.500000e+00	2.129898e+00
2.510000e+00	2.132170e+00
2.520000e+00	2.134435e+00
2.530000e+00	2.136695e+00
2.540000e+00	2.138949e+00
2.550000e+00	2.141196e+00
2.560000e+00	2.143438e+00
2.570000e+00	2.145674e+00
2.580000e+00	2.147904e+00
2.590000e+00	2.150128e+00
2.600000e+00	2.152347e+00
2.610000e+00	2.154560e+00
2.620000e+00	2.156767e+00
2.630000e+00	2.158968e+00
2.640000e+00	2.161164e+00
2.650000e+00	2.163355e+00
2.660000e+00	2.165540e+00
2.670000e+00	2.167720e+00
2.680000e+00	2.169894e+00
2.690000e+00	2.172063e+00
2.700000e+00	2.174226e+00
2.710000e+00	2.176384e+00
2.720000e+00	2.178537e+00
2.730000e+00	2.180685e+00
2.740000e+00	2.182828e+00
2.750000e+00	2.184965e+00
2.760000e+00	2.187097e+00
2.770000e+00	2.189225e+00
2.780000e+00	2.191347e+00
2.790000e+00	2.193464e+00
2.800000e+00	2.195577e+00
2.810000e+00	2.197684e+00
2.820000e+00	2.199786e+00
2.830000e+00	2.201884e+00
2.840000e+00	2.203977e+00
2.850000e+00	2.206065e+00
2.860000e+00	2.208148e+00
2.870000e+00	2.210226e+00
2.880000e+00	2.212300e+00
2.890000e+00	2.214369e+00
2.900000e+00	2.216434e+00
2.910000e+00	2.218493e+00
2.920000e+00	2.220549e+00
2.930000e+00	2.222599e+00
2.940000e+00	2.224646e+00
2.950000e+00	2.226687e+00
2.960000e+00	2.228725e+00
2.970000e+00	2.230757e+00
2.980000e+00	2.232786e+00
2.990000e+00	2.234810e+00
3.000000e+00	2.236830e+00
3.010000e+00	2.238845e+00
3.020000e+00	2.240856e+00
3.030000e+00	2.242863e+00
3.040000e+00	2.244866e+00
3.050000e+00	2.246864e+00
3.060000e+00	2.248858e+00
3.070000e+00	2.250848e+00
3.080000e+00	2.252834e+00
3.090000e+00	2.254816e+00
3.100000e+00	2.256794e+00
3.110000e+00	2.258767e+00
3.120000e+00	2.260737e+00
3.130000e+00	2.262703e+00
3.140000e+00	2.264664e+00
3.150000e+00	2.266622e+00
3.160000e+00	2.268576e+00
3.170000e+00	2.270526e+00
3.180000e+00	2.272472e+00
3.190000e+00	2.274414e+00
3.200000e+00	2.276352e+00
3.210000e+00	2.278287e+00
3.220000e+00	2.280217e+00
3.230000e+00	2.282144e+00
3.240000e+00	2.284068e+00
3.250000e+00	2.285987e+00
3.260000e+00	2.287903e+00
3.270000e+00	2.289815e+00
3.280000e+00	2.291723e+00
3.290000e+00	2.293628e+00
3.300000e+00	2.295529e+00
3.310000e+00	2.297427e+00
3.320000e+00	2.299321e+00
3.330000e+00	2.301211e+00
3.340000e+00	2.303098e+00
3.350000e+00	2.304981e+00
3.360000e+00	2.306861e+00
3.370000e+00	2.308737e+00
3.380000e+00	2.310610e+00
3.390000e+00	2.312480e+00
3.400000e+00	2.314346e+00
3.410000e+00	2.316208e+00
3.420000e+00	2.318067e+00
3.430000e+00	2.319923e+00
3.440000e+00	2.321776e+00
3.450000e+00	2.323625e+00
3.460000e+00	2.325471e+00
3.470000e+00	2.327314e+00
3.480000e+00	2.329153e+00
3.490000e+00	2.330989e+00
3.500000e+00	2.332822e+00
3.510000e+00	2.334651e+00
3.520000e+00	2.336478e+00
3.530000e+00	2.338301e+00
3.540000e+00	2.340121e+00
3.550000e+00	2.341938e+00
3.560000e+00	2.343751e+00
3.570000e+00	2.345562e+00
3.580000e+00	2.347370e+00
3.590000e+00	2.349174e+00
3.600000e+00	2.350975e+00
3.610000e+00	2.352774e+00
3.620000e+00	2.354569e+00
3.630000e+00	2.356361e+00
3.640000e+00	2.358150e+00
3.650000e+00	2.359936e+00
3.660000e+00	2.361719e+00
3.670000e+00	2.363500e+00
3.680000e+00	2.365277e+00
3.690000e+00	2.367051e+00
3.700000e+00	2.368823e+00
3.710000e+00	2.370591e+00
3.720000e+00	2.372357e+00
3.730000e+00	2.374120e+00
3.740000e+00	2.375879e+00
3.750000e+00	2.377636e+00
3.760000e+00	2.379391e+00
3.770000e+00	2.381142e+00
3.780000e+00	2.382891e+00
3.790000e+00	2.384636e+00
3.800000e+00	2.386379e+00
3.810000e+00	2.388119e+00
3.820000e+00	2.389857e+00
3.830000e+00	2.391592e+00
3.840000e+00	2.393323e+00
3.850000e+00	2.395053e+00
3.860000e+00	2.396779e+00
3.870000e+00	2.398503e+00
3.880000e+00	2.400224e+00
3.890000e+00	2.401943e+00
3.900000e+00	2.403658e+00
3.910000e+00	2.405372e+00
3.920000e+00	2.407082e+00
3.930000e+00	2.408790e+00
3.940000e+00	2.410495e+00
3.950000e+00	2.412198e+00
3.960000e+00	2.413898e+00
3.970000e+00	2.415596e+00
3.980000e+00	2.417291e+00
3.990000e+00	2.418983e+00
4.000000e+00	2.420673e+00
4.010000e+00	2.422361e+00
4.020000e+00	2.424046e+00
4.030000e+00	2.425728e+00
4.040000e+00	2.427408e+00
4.050000e+00	2.429085e+00
4.060000e+00	2.430760e+00
4.070000e+00	2.432433e+00
4.080000e+00	2.434103e+00
4.090000e+00	2.435770e+00
4.100000e+00	2.437435e+00
4.110000e+00	2.439098e+00
4.120000e+00	2.440759e+00
4.130000e+00	2.442416e+00
4.140000e+00	2.444072e+00
4.150000e+00	2.445725e+00
4.160000e+00	2.447376e+00
4.170000e+00	2.449024e+00
4.180000e+00	2.450671e+00
4.190000e+00	2.452314e+00
4.200000e+00	2.453956e+00
4.210000e+00	2.455595e+00
4.220000e+00	2.457232e+00
4.230000e+00	2.458866e+00
4.240000e+00	2.460498e+00
4.250000e+00	2.462128e+00
4.260000e+00	2.463756e+00
4.270000e+00	2.465381e+00
4.280000e+00	2.467005e+00
4.290000e+00	2.468625e+00
4.300000e+00	2.470244e+00
4.310000e+00	2.471861e+00
4.320000e+00	2.473475e+00
4.330000e+00	2.475087e+00
4.340000e+00	2.476697e+00
4.350000e+00	2.478304e+00
4.360000e+00	2.479910e+00
4.370000e+00	2.481513e+00
4.380000e+00	2.483114e+00
4.390000e+00	2.484713e+00
4.400000e+00	2.486310e+00
4.410000e+00	2.487905e+00
4.420000e+00	2.489497e+00
4.430000e+00	2.491088e+00
4.440000e+00	2.492676e+00
4.450000e+00	2.494262e+00
4.460000e+00	2.495847e+00
4.470000e+00	2.497429e+00
4.480000e+00	2.499009e+00
4.490000e+00	2.500586e+00
4.500000e+00	2.502162e+00
4.510000e+00	2.503736e+00
4.520000e+00	2.505308e+00
4.530000e+00	2.506878e+00
4.540000e+00	2.508445e+00
4.550000e+00	2.510011e+00
4.560000e+00	2.511574e+00
4.570000e+00	2.513136e+00
4.580000e+00	2.514696e+00
4.590000e+00	2.516253e+00
4.600000e+00	2.517809e+00
4.610000e+00	2.519362e+00
4.620000e+00	2.520914e+00
4.630000e+00	2.522464e+00
4.640000e+00	2.524011e+00
4.650000e+00	2.525557e+00
4.660000e+00	2.527101e+00
4.670000e+00	2.528643e+00
4.680000e+00	2.530183e+00
4.690000e+00	2.531721e+00
4.700000e+00	2.533257e+00
4.710000e+00	2.534791e+00
4.720000e+00	2.536324e+00
4.730000e+00	2.537854e+00
4.740000e+00	2.539383e+00
4.750000e+00	2.540909e+00
4.760000e+00	2.542434e+00
4.770000e+00	2.543957e+00
4.780000e+00	2.545478e+00
4.790000e+00	2.546997e+00
4.800000e+00	2.548514e+00
4.810000e+00	2.550030e+00
4.820000e+00	2.551543e+00
4.830000e+00	2.553055e+00
4.840000e+00	2.554565e+00
4.850000e+00	2.556073e+00
4.860000e+00	2.557580e+00
4.870000e+00	2.559084e+00
4.880000e+00	2.560587e+00
4.890000e+00	2.562088e+00
4.900000e+00	2.563587e+00
4.910000e+00	2.565084e+00
4.920000e+00	2.566580e+00
4.930000e+00	2.568074e+00
4.940000e+00	2.569566e+00
4.950000e+00	2.571056e+00
4.960000e+00	2.572545e+00
4.970000e+00	2.574031e+00
4.980000e+00	2.575516e+00
4.990000e+00	2.577000e+00
5.000000e+00	2.578481e+00
5.010000e+00	2.579961e+00
5.020000e+00	2.581439e+00
5.030000e+00	2.582916e+00
5.040000e+00	2.584391e+00
5.050000e+00	2.585864e+00
5.060000e+00	2.587335e+00
5.070000e+00	2.588804e+00
5.080000e+00	2.590272e+00
5.090000e+00	2.591739e+00
5.100000e+00	2.593203e+00
5.110000e+00	2.594666e+00
5.120000e+00	2.596127e+00
5.130000e+00	2.597587e+00
5.140000e+00	2.599045e+00
5.150000e+00	2.600501e+00
5.160000e+00	2.601956e+00
5.170000e+00	2.603409e+00
5.180000e+00	2.604860e+00
5.190000e+00	2.606310e+00
5.200000e+00	2.607758e+00
5.210000e+00	2.609205e+00
5.220000e+00	2.610650e+00
5.230000e+00	2.612093e+00
5.240000e+00	2.613535e+00
5.250000e+00	2.614975e+00
5.260000e+00	2.616413e+00
5.270000e+00	2.617850e+00
5.280000e+00	2.619285e+00
5.290000e+00	2.620719e+00
5.300000e+00	2.622151e+00
5.310000e+00	2.623582e+00
5.320000e+00	2.625011e+00
5.330000e+00	2.626438e+00
5.340000e+00	2.627864e+00
5.350000e+00	2.629289e+00
5.360000e+00	2.630711e+00
5.370000e+00	2.632133e+00
5.380000e+00	2.633553e+00
5.390000e+00	2.634971e+00
5.400000e+00	2.636387e+00
5.410000e+00	2.637803e+00
5.420000e+00	2.639216e+00
5.430000e+00	2.640628e+00
5.440000e+00	2.642039e+00
5.450000e+00	2.643448e+00
5.460000e+00	2.644856e+00
5.470000e+00	2.646262e+00
5.480000e+00	2.647666e+00
5.490000e+00	2.649070e+00
5.500000e+00	2.650471e+00
5.510000e+00	2.651871e+00
5.520000e+00	2.653270e+00
5.530000e+00	2.654667e+00
5.540000e+00	2.656063e+00
5.550000e+00	2.657457e+00
5.560000e+00	2.658850e+00
5.570000e+00	2.660242e+00
5.580000e+00	2.661632e+00
5.590000e+00	2.663020e+00
5.600000e+00	2.664407e+00
5.610000e+00	2.665793e+00
5.620000e+00	2.667177e+00
5.630000e+00	2.668560e+00
5.640000e+00	2.669941e+00
5.650000e+00	2.671321e+00
5.660000e+00	2.672699e+00
5.670000e+00	2.674077e+00
5.680000e+00	2.675452e+00
5.690000e+00	2.676826e+00
5.700000e+00	2.678199e+00
5.710000e+00	2.679571e+00
5.720000e+00	2.680941e+00
5.730000e+00	2.682310e+00
5.740000e+00	2.683677e+00
5.750000e+00	2.685043e+00
5.760000e+00	2.686407e+00
5.770000e+00	2.687770e+00
5.780000e+00	2.689132e+00
5.790000e+00	2.690493e+00
5.800000e+00	2.691852e+00
5.810000e+00	2.693209e+00
5.820000e+00	2.694566e+00
5.830000e+00	2.695921e+00
5.840000e+00	2.697274e+00
5.850000e+00	2.698627e+00
5.860000e+00	2.699978e+00
5.870000e+00	2.701327e+00
5.880000e+00	2.702675e+00
5.890000e+00	2.704022e+00
5.900000e+00	2.705368e+00
5.910000e+00	2.706712e+00
5.920000e+00	2.708055e+00
5.930000e+00	2.709397e+00
5.940000e+00	2.710737e+00
5.950000e+00	2.712076e+00
5.960000e+00	2.713414e+00
5.970000e+00	2.714750e+00
5.980000e+00	2.716085e+00
5.990000e+00	2.717419e+00
6.000000e+00	2.718752e+00
6.010000e+00	2.720083e+00
6.020000e+00	2.721413e+00
6.030000e+00	2.722741e+00
6.040000e+00	2.724069e+00
6.050000e+00	2.725395e+00
6.060000e+00	2.726720e+00
6.070000e+00	2.728043e+00
6.080000e+00	2.729365e+00
6.090000e+00	2.730686e+00
6.100000e+00	2.732006e+00
6.110000e+00	2.733325e+00
6.120000e+00	2.734642e+00
6.130000e+00	2.735958e+00
6.140000e+00	2.737273e+00
6.150000e+00	2.738586e+00
6.160000e+00	2.739898e+00
6.170000e+00	2.741209e+00
6.180000e+00	2.742519e+00
6.190000e+00	2.743828e+00
6.200000e+00	2.745135e+00
6.210000e+00	2.746441e+00
6.220000e+00	2.747746e+00
6.230000e+00	2.749050e+00
6.240000e+00	2.750352e+00
6.250000e+00	2.751653e+00
6.260000e+00	2.752953e+00
6.270000e+00	2.754252e+00
6.280000e+00	2.755549e+00
6.290000e+00	2.756846e+00
6.300000e+00	2.758141e+00
6.310000e+00	2.759435e+00
6.320000e+00	2.760728e+00
6.330000e+00	2.762019e+00
6.340000e+00	2.763310e+00
6.350000e+00	2.764599e+00
6.360000e+00	2.765887e+00
6.370000e+00	2.767174e+00
6.380000e+00	2.768459e+00
6.390000e+00	2.769744e+00
6.400000e+00	2.771027e+00
6.410000e+00	2.772309e+00
6.420000e+00	2.773590e+00
6.430000e+00	2.774870e+00
6.440000e+00	2.776149e+00
6.450000e+00	2.777426e+00
6.460000e+00	2.778703e+00
6.470000e+00	2.779978e+00
6.480000e+00	2.781252e+00
6.490000e+00	2.782525e+00
6.500000e+00	2.783797e+00
6.510000e+00	2.785067e+00
6.520000e+00	2.786337e+00
6.530000e+00	2.787605e+00
6.540000e+00	2.788872e+00
6.550000e+00	2.790138e+00
6.560000e+00	2.791403e+00
6.570000e+00	2.792667e+00
6.580000e+00	2.793930e+00
6.590000e+00	2.795191e+00
6.600000e+00	2.796452e+00
6.610000e+00	2.797711e+00
6.620000e+00	2.798969e+00
6.630000e+00	2.800226e+00
6.640000e+00	2.801482e+00
6.650000e+00	2.802737e+00
6.660000e+00	2.803991e+00
6.670000e+00	2.805244e+00
6.680000e+00	2.806495e+00
6.690000e+00	2.807746e+00
6.700000e+00	2.808995e+00
6.710000e+00	2.810243e+00
6.720000e+00	2.811491e+00
6.730000e+00	2.812737e+00
6.740000e+00	2.813982e+00
6.750000e+00	2.815226e+00
6.760000e+00	2.816469e+00
6.770000e+00	2.817711e+00
6.780000e+00	2.818951e+00
6.790000e+00	2.820191e+00
6.800000e+00	2.821430e+00
6.810000e+00	2.822667e+00
6.820000e+00	2.823904e+00
6.830000e+00	2.825139e+00
6.840000e+00	2.826373e+00
6.850000e+00	2.827607e+00
6.860000e+00	2.828839e+00
6.870000e+00	2.830070e+00
6.880000e+00	2.831300e+00
6.890000e+00	2.832529e+00
6.900000e+00	2.833757e+00
6.910000e+00	2.834984e+00
6.920000e+00	2.836210e+00
6.930000e+00	2.837435e+00
6.940000e+00	2.838659e+00
6.950000e+00	2.839882e+00
6.960000e+00	2.841104e+00
6.970000e+00	2.842325e+00
6.980000e+00	2.843544e+00
6.990000e+00	2.844763e+00
7.000000e+00	2.845981e+00
7.010000e+00	2.847197e+00
7.020000e+00	2.848413e+00
7.030000e+00	2.849628e+00
7.040000e+00	2.850841e+00
7.050000e+00	2.852054e+00
7.060000e+00	2.853266e+00
7.070000e+00	2.854476e+00
7.080000e+00	2.855686e+00
7.090000e+00	2.856894e+00
7.100000e+00	2.858102e+00
7.110000e+00	2.859309e+00
7.120000e+00	2.860514e+00
7.130000e+00	2.861719e+00
7.140000e+00	2.862922e+00
7.150000e+00	2.864125e+00
7.160000e+00	2.865327e+00
7.170000e+00	2.866527e+00
7.180000e+00	2.867727e+00
7.190000e+00	2.868926e+00
7.200000e+00	2.870123e+00
7.210000e+00	2.871320e+00
7.220000e+00	2.872516e+00
7.230000e+00	2.873711e+00
7.240000e+00	2.874904e+00
7.250000e+00	2.876097e+00
7.260000e+00	2.877289e+00
7.270000e+00	2.878480e+00
7.280000e+00	2.879670e+00
7.290000e+00	2.880859e+00
7.300000e+00	2.882047e+00
7.310000e+00	2.883234e+00
7.320000e+00	2.884420e+00
7.330000e+00	2.885605e+00
7.340000e+00	2.886789e+00
7.350000e+00	2.887973e+00
7.360000e+00	2.889155e+00
7.370000e+00	2.890336e+00
7.380000e+00	2.891517e+00
7.390000e+00	2.892696e+00
7.400000e+00	2.893874e+00
7.410000e+00	2.895052e+00
7.420000e+00	2.896229e+00
7.430000e+00	2.897404e+00
7.440000e+00	2.898579e+00
7.450000e+00	2.899753e+00
7.460000e+00	2.900926e+00
7.470000e+00	2.902098e+00
7.480000e+00	2.903269e+00
7.490000e+00	2.904439e+00
7.500000e+00	2.905608e+00
7.510000e+00	2.906776e+00
7.520000e+00	2.907944e+00
7.530000e+00	2.909110e+00
7.540000e+00	2.910276e+00
7.550000e+00	2.911440e+00
7.560000e+00	2.912604e+00
7.570000e+00	2.913767e+00
7.580000e+00	2.914929e+00
7.590000e+00	2.916090e+00
7.600000e+00	2.917250e+00
7.610000e+00	2.918409e+00
7.620000e+00	2.919567e+00
7.630000e+00	2.920725e+00
7.640000e+00	2.921881e+00
7.650000e+00	2.923037e+00
7.660000e+00	2.924191e+00
7.670000e+00	2.925345e+00
7.680000e+00	2.926498e+00
7.690000e+00	2.927650e+00
7.700000e+00	2.928801e+00
7.710000e+00	2.929951e+00
7.720000e+00	2.931101e+00
7.730000e+00	2.932249e+00
7.740000e+00	2.933397e+00
7.750000e+00	2.934543e+00
7.760000e+00	2.935689e+00
7.770000e+00	2.936834e+00
7.780000e+00	2.937978e+00
7.790000e+00	2.939122e+00
7.800000e+00	2.940264e+00
7.810000e+00	2.941405e+00
7.820000e+00	2.942546e+00
7.830000e+00	2.943686e+00
7.840000e+00	2.944825e+00
7.850000e+00	2.945963e+00
7.860000e+00	2.947100e+00
7.870000e+00	2.948236e+00
7.880000e+00	2.949372e+00
7.890000e+00	2.950506e+00
7.900000e+00	2.951640e+00
7.910000e+00	2.952773e+00
7.920000e+00	2.953905e+00
7.930000e+00	2.955036e+00
7.940000e+00	2.956166e+00
7.950000e+00	2.957296e+00
7.960000e+00	2.958424e+00
7.970000e+00	2.959552e+00
7.980000e+00	2.960679e+00
7.990000e+00	2.961805e+00
8.000000e+00	2.962931e+00
8.010000e+00	2.964055e+00
8.020000e+00	2.965179e+00
8.030000e+00	2.966302e+00
8.040000e+00	2.967424e+00
8.050000e+00	2.968545e+00
8.060000e+00	2.969665e+00
8.070000e+00	2.970784e+00
8.080000e+00	2.971903e+00
8.090000e+00	2.973021e+00
8.100000e+00	2.974138e+00
8.110000e+00	2.975254e+00
8.120000e+00	2.976369e+00
8.130000e+00	2.977484e+00
8.140000e+00	2.978598e+00
8.150000e+00	2.979711e+00
8.160000e+00	2.980823e+00
8.170000e+00	2.981934e+00
8.180000e+00	2.983044e+00
8.190000e+00	2.984154e+00
8.200000e+00	2.985263e+00
8.210000e+00	2.986371e+00
8.220000e+00	2.987478e+00
8.230000e+00	2.988585e+00
8.240000e+00	2.989690e+00
8.250000e+00	2.990795e+00
8.260000e+00	2.991899e+00
8.270000e+00	2.993003e+00
8.280000e+00	2.994105e+00
8.290000e+00	2.995207e+00
8.300000e+00	2.996308e+00
8.310000e+00	2.997408e+00
8.320000e+00	2.998507e+00
8.330000e+00	2.999605e+00
8.340000e+00	3.000703e+00
8.350000e+00	3.001800e+00
8.360000e+00	3.002896e+00
8.370000e+00	3.003992e+00
8.380000e+00	3.005086e+00
8.390000e+00	3.006180e+00
8.400000e+00	3.007273e+00
8.410000e+00	3.008365e+00
8.420000e+00	3.009457e+00
8.430000e+00	3.010547e+00
8.440000e+00	3.011637e+00
8.450000e+00	3.012726e+00
8.460000e+00	3.013815e+00
8.470000e+00	3.014902e+00
8.480000e+00	3.015989e+00
8.490000e+00	3.017075e+00
8.500000e+00	3.018161e+00
8.510000e+00	3.019245e+00
8.520000e+00	3.020329e+00
8.530000e+00	3.021412e+00
8.540000e+00	3.022494e+00
8.550000e+00	3.023576e+00
8.560000e+00	3.024657e+00
8.570000e+00	3.025737e+00
8.580000e+00	3.026816e+00
8.590000e+00	3.027894e+00
8.600000e+00	3.028972e+00
8.610000e+00	3.030049e+00
8.620000e+00	3.031125e+00
8.630000e+00	3.032201e+00
8.640000e+00	3.033275e+00
8.650000e+00	3.034349e+00
8.660000e+00	3.035423e+00
8.670000e+00	3.036495e+00
8.680000e+00	3.037567e+00
8.690000e+00	3.038638e+00
8.700000e+00	3.039708e+00
8.710000e+00	3.040778e+00
8.720000e+00	3.041847e+00
8.730000e+00	3.042915e+00
8.740000e+00	3.043982e+00
8.750000e+00	3.045049e+00
8.760000e+00	3.046115e+00
8.770000e+00	3.047180e+00
8.780000e+00	3.048244e+00
8.790000e+00	3.049308e+00
8.800000e+00	3.050371e+00
8.810000e+00	3.051433e+00
8.820000e+00	3.052495e+00
8.830000e+00	3.053555e+00
8.840000e+00	3.054615e+00
8.850000e+00	3.055675e+00
8.860000e+00	3.056733e+00
8.870000e+00	3.057791e+00
8.880000e+00	3.058849e+00
8.890000e+00	3.059905e+00
8.900000e+00	3.060961e+00
8.910000e+00	3.062016e+00
8.920000e+00	3.063070e+00
8.930000e+00	3.064124e+00
8.940000e+00	3.065177e+00
8.950000e+00	3.066229e+00
8.960000e+00	3.067281e+00
8.970000e+00	3.068331e+00
8.980000e+00	3.069381e+00
8.990000e+00	3.070431e+00
9.000000e+00	3.071480e+00
9.010000e+00	3.072528e+00
9.020000e+00	3.073575e+00
9.030000e+00	3.074621e+00
9.040000e+00	3.075667e+00
9.050000e+00	3.076713e+00
9.060000e+00	3.077757e+00
9.070000e+00	3.078801e+00
9.080000e+00	3.079844e+00
9.090000e+00	3.080886e+00
9.100000e+00	3.081928e+00
9.110000e+00	3.082969e+00
9.120000e+00	3.084010e+00
9.130000e+00	3.085049e+00
9.140000e+00	3.086088e+00
9.150000e+00	3.087127e+00
9.160000e+00	3.088164e+00
9.170000e+00	3.089201e+00
9.180000e+00	3.090237e+00
9.190000e+00	3.091273e+00
9.200000e+00	3.092308e+00
9.210000e+00	3.093342e+00
9.220000e+00	3.094376e+00
9.230000e+00	3.095409e+00
9.240000e+00	3.096441e+00
9.250000e+00	3.097472e+00
9.260000e+00	3.098503e+00
9.270000e+00	3.099533e+00
9.280000e+00	3.100563e+00
9.290000e+00	3.101592e+00
9.300000e+00	3.102620e+00
9.310000e+00	3.103647e+00
9.320000e+00	3.104674e+00
9.330000e+00	3.105700e+00
9.340000e+00	3.106726e+00
9.350000e+00	3.107751e+00
9.360000e+00	3.108775e+00
9.370000e+00	3.109798e+00
9.380000e+00	3.110821e+00
9.390000e+00	3.111843e+00
9.400000e+00	3.112865e+00
9.410000e+00	3.113886e+00
9.420000e+00	3.114906e+00
9.430000e+00	3.115925e+00
9.440000e+00	3.116944e+00
9.450000e+00	3.117963e+00
9.460000e+00	3.118980e+00
9.470000e+00	3.119997e+00
9.480000e+00	3.121014e+00
9.490000e+00	3.122029e+00
9.500000e+00	3.123044e+00
9.510000e+00	3.124059e+00
9.520000e+00	3.125072e+00
9.530000e+00	3.126085e+00
9.540000e+00	3.127098e+00
9.550000e+00	3.128110e+00
9.560000e+00	3.129121e+00
9.570000e+00	3.130131e+00
9.580000e+00	3.131141e+00
9.590000e+00	3.132150e+00
9.600000e+00	3.133159e+00
9.610000e+00	3.134167e+00
9.620000e+00	3.135174e+00
9.630000e+00	3.136181e+00
9.640000e+00	3.137187e+00
9.650000e+00	3.138192e+00
9.660000e+00	3.139197e+00
9.670000e+00	3.140201e+00
9.680000e+00	3.141205e+00
9.690000e+00	3.142208e+00
9.700000e+00	3.143210e+00
9.710000e+00	3.144212e+00
9.720000e+00	3.145213e+00
9.730000e+00	3.146213e+00
9.740000e+00	3.147213e+00
9.750000e+00	3.148212e+00
9.760000e+00	3.149211e+00
9.770000e+00	3.150209e+00
9.780000e+00	3.151206e+00
9.790000e+00	3.152203e+00
9.800000e+00	3.153199e+00
9.810000e+00	3.154194e+00
9.820000e+00	3.155189e+00
9.830000e+00	3.156183e+00
9.840000e+00	3.157177e+00
9.850000e+00	3.158170e+00
9.860000e+00	3.159162e+00
9.870000e+00	3.160154e+00
9.880000e+00	3.161145e+00
9.890000e+00	3.162136e+00
9.900000e+00	3.163125e+00
9.910000e+00	3.164115e+00
9.920000e+00	3.165104e+00
9.930000e+00	3.166092e+00
9.940000e+00	3.167079e+00
9.950000e+00	3.168066e+00
9.960000e+00	3.169052e+00
9.970000e+00	3.170038e+00
9.980000e+00	3.171023e+00
9.990000e+00	3.172008e+00
1.000000e+01	3.172992e+00
