# Saída de dados
#
#	Exercício 02: Solução do P.V.I.
#
#		du/dt = f(t,u(t),v(t)) ,
#
#		dv/dt = g(t,u(t),v(t)) ,
#
#		f(t,u,v) = (1 + exp(-t)) * u*v / (1 + u*v*v)
#
#		g(t,u,v) = v/u
#
#		u(t0) = u0 ,  v(t0) = v0
#
#	pelo método de Runge-Kutta RK2 com passo uniforme.
#
#
#	! tempo inicial         t0 = 0.000000e+00
#	! tempo final           tf = 1.000000e+01
#	! valor inicial para u  u0 = 1.000000e+00
#	! valor inicial para v  v0 = 5.000000e-01
#
#	! passo utilizado  h  = 1.000000e-02
#	! numero de pontos nt = 1001
#
# t		u		v
0.000000e+00	1.000000e+00	5.000000e-01
1.000000e-02	1.008029e+00	5.050050e-01
2.000000e-02	1.016117e+00	5.100196e-01
3.000000e-02	1.024263e+00	5.150435e-01
4.000000e-02	1.032465e+00	5.200764e-01
5.000000e-02	1.040723e+00	5.251180e-01
6.000000e-02	1.049036e+00	5.301678e-01
7.000000e-02	1.057403e+00	5.352256e-01
8.000000e-02	1.065823e+00	5.402912e-01
9.000000e-02	1.074296e+00	5.453641e-01
1.000000e-01	1.082819e+00	5.504441e-01
1.100000e-01	1.091393e+00	5.555309e-01
1.200000e-01	1.100015e+00	5.606243e-01
1.300000e-01	1.108686e+00	5.657239e-01
1.400000e-01	1.117404e+00	5.708296e-01
1.500000e-01	1.126168e+00	5.759410e-01
1.600000e-01	1.134977e+00	5.810579e-01
1.700000e-01	1.143829e+00	5.861801e-01
1.800000e-01	1.152724e+00	5.913073e-01
1.900000e-01	1.161661e+00	5.964394e-01
2.000000e-01	1.170638e+00	6.015760e-01
2.100000e-01	1.179654e+00	6.067171e-01
2.200000e-01	1.188708e+00	6.118624e-01
2.300000e-01	1.197798e+00	6.170117e-01
2.400000e-01	1.206925e+00	6.221648e-01
2.500000e-01	1.216086e+00	6.273216e-01
2.600000e-01	1.225280e+00	6.324818e-01
2.700000e-01	1.234507e+00	6.376454e-01
2.800000e-01	1.243764e+00	6.428122e-01
2.900000e-01	1.253051e+00	6.479820e-01
3.000000e-01	1.262366e+00	6.531546e-01
3.100000e-01	1.271709e+00	6.583301e-01
3.200000e-01	1.281078e+00	6.635081e-01
3.300000e-01	1.290472e+00	6.686886e-01
3.400000e-01	1.299889e+00	6.738716e-01
3.500000e-01	1.309329e+00	6.790568e-01
3.600000e-01	1.318790e+00	6.842442e-01
3.700000e-01	1.328271e+00	6.894336e-01
3.800000e-01	1.337771e+00	6.946251e-01
3.900000e-01	1.347289e+00	6.998184e-01
4.000000e-01	1.356824e+00	7.050136e-01
4.100000e-01	1.366374e+00	7.102105e-01
4.200000e-01	1.375938e+00	7.154092e-01
4.300000e-01	1.385516e+00	7.206094e-01
4.400000e-01	1.395106e+00	7.258112e-01
4.500000e-01	1.404706e+00	7.310145e-01
4.600000e-01	1.414317e+00	7.362193e-01
4.700000e-01	1.423936e+00	7.414254e-01
4.800000e-01	1.433563e+00	7.466330e-01
4.900000e-01	1.443196e+00	7.518419e-01
5.000000e-01	1.452836e+00	7.570521e-01
5.100000e-01	1.462479e+00	7.622636e-01
5.200000e-01	1.472127e+00	7.674764e-01
5.300000e-01	1.481776e+00	7.726904e-01
5.400000e-01	1.491428e+00	7.779056e-01
5.500000e-01	1.501080e+00	7.831221e-01
5.600000e-01	1.510732e+00	7.883397e-01
5.700000e-01	1.520382e+00	7.935586e-01
5.800000e-01	1.530030e+00	7.987787e-01
5.900000e-01	1.539676e+00	8.039999e-01
6.000000e-01	1.549317e+00	8.092224e-01
6.100000e-01	1.558953e+00	8.144461e-01
6.200000e-01	1.568584e+00	8.196710e-01
6.300000e-01	1.578208e+00	8.248972e-01
6.400000e-01	1.587825e+00	8.301246e-01
6.500000e-01	1.597434e+00	8.353533e-01
6.600000e-01	1.607034e+00	8.405833e-01
6.700000e-01	1.616624e+00	8.458146e-01
6.800000e-01	1.626204e+00	8.510473e-01
6.900000e-01	1.635772e+00	8.562813e-01
7.000000e-01	1.645329e+00	8.615167e-01
7.100000e-01	1.654873e+00	8.667536e-01
7.200000e-01	1.664405e+00	8.719919e-01
7.300000e-01	1.673922e+00	8.772317e-01
7.400000e-01	1.683425e+00	8.824730e-01
7.500000e-01	1.692912e+00	8.877159e-01
7.600000e-01	1.702385e+00	8.929605e-01
7.700000e-01	1.711840e+00	8.982066e-01
7.800000e-01	1.721279e+00	9.034545e-01
7.900000e-01	1.730701e+00	9.087041e-01
8.000000e-01	1.740105e+00	9.139555e-01
8.100000e-01	1.749490e+00	9.192087e-01
8.200000e-01	1.758856e+00	9.244638e-01
8.300000e-01	1.768203e+00	9.297208e-01
8.400000e-01	1.777530e+00	9.349798e-01
8.500000e-01	1.786837e+00	9.402408e-01
8.600000e-01	1.796123e+00	9.455039e-01
8.700000e-01	1.805387e+00	9.507691e-01
8.800000e-01	1.814631e+00	9.560364e-01
8.900000e-01	1.823852e+00	9.613060e-01
9.000000e-01	1.833050e+00	9.665779e-01
9.100000e-01	1.842226e+00	9.718522e-01
9.200000e-01	1.851379e+00	9.771288e-01
9.300000e-01	1.860509e+00	9.824078e-01
9.400000e-01	1.869614e+00	9.876894e-01
9.500000e-01	1.878696e+00	9.929735e-01
9.600000e-01	1.887753e+00	9.982603e-01
9.700000e-01	1.896786e+00	1.003550e+00
9.800000e-01	1.905793e+00	1.008842e+00
9.900000e-01	1.914776e+00	1.014137e+00
1.000000e+00	1.923733e+00	1.019435e+00
1.010000e+00	1.932664e+00	1.024735e+00
1.020000e+00	1.941570e+00	1.030039e+00
1.030000e+00	1.950449e+00	1.035346e+00
1.040000e+00	1.959302e+00	1.040655e+00
1.050000e+00	1.968128e+00	1.045968e+00
1.060000e+00	1.976928e+00	1.051284e+00
1.070000e+00	1.985701e+00	1.056604e+00
1.080000e+00	1.994447e+00	1.061927e+00
1.090000e+00	2.003166e+00	1.067253e+00
1.100000e+00	2.011857e+00	1.072582e+00
1.110000e+00	2.020521e+00	1.077915e+00
1.120000e+00	2.029157e+00	1.083252e+00
1.130000e+00	2.037765e+00	1.088592e+00
1.140000e+00	2.046346e+00	1.093936e+00
1.150000e+00	2.054898e+00	1.099284e+00
1.160000e+00	2.063423e+00	1.104635e+00
1.170000e+00	2.071920e+00	1.109991e+00
1.180000e+00	2.080388e+00	1.115350e+00
1.190000e+00	2.088828e+00	1.120713e+00
1.200000e+00	2.097240e+00	1.126080e+00
1.210000e+00	2.105623e+00	1.131452e+00
1.220000e+00	2.113978e+00	1.136827e+00
1.230000e+00	2.122304e+00	1.142207e+00
1.240000e+00	2.130602e+00	1.147591e+00
1.250000e+00	2.138871e+00	1.152980e+00
1.260000e+00	2.147111e+00	1.158372e+00
1.270000e+00	2.155323e+00	1.163770e+00
1.280000e+00	2.163507e+00	1.169171e+00
1.290000e+00	2.171661e+00	1.174578e+00
1.300000e+00	2.179787e+00	1.179989e+00
1.310000e+00	2.187884e+00	1.185404e+00
1.320000e+00	2.195953e+00	1.190825e+00
1.330000e+00	2.203993e+00	1.196250e+00
1.340000e+00	2.212004e+00	1.201680e+00
1.350000e+00	2.219987e+00	1.207115e+00
1.360000e+00	2.227941e+00	1.212555e+00
1.370000e+00	2.235867e+00	1.218000e+00
1.380000e+00	2.243764e+00	1.223450e+00
1.390000e+00	2.251633e+00	1.228905e+00
1.400000e+00	2.259473e+00	1.234366e+00
1.410000e+00	2.267284e+00	1.239831e+00
1.420000e+00	2.275068e+00	1.245302e+00
1.430000e+00	2.282823e+00	1.250779e+00
1.440000e+00	2.290549e+00	1.256261e+00
1.450000e+00	2.298248e+00	1.261748e+00
1.460000e+00	2.305918e+00	1.267241e+00
1.470000e+00	2.313560e+00	1.272739e+00
1.480000e+00	2.321175e+00	1.278243e+00
1.490000e+00	2.328761e+00	1.283753e+00
1.500000e+00	2.336319e+00	1.289268e+00
1.510000e+00	2.343849e+00	1.294790e+00
1.520000e+00	2.351352e+00	1.300317e+00
1.530000e+00	2.358827e+00	1.305850e+00
1.540000e+00	2.366274e+00	1.311389e+00
1.550000e+00	2.373694e+00	1.316934e+00
1.560000e+00	2.381087e+00	1.322485e+00
1.570000e+00	2.388452e+00	1.328042e+00
1.580000e+00	2.395789e+00	1.333605e+00
1.590000e+00	2.403100e+00	1.339175e+00
1.600000e+00	2.410383e+00	1.344751e+00
1.610000e+00	2.417639e+00	1.350333e+00
1.620000e+00	2.424869e+00	1.355921e+00
1.630000e+00	2.432071e+00	1.361516e+00
1.640000e+00	2.439247e+00	1.367118e+00
1.650000e+00	2.446396e+00	1.372726e+00
1.660000e+00	2.453519e+00	1.378340e+00
1.670000e+00	2.460615e+00	1.383961e+00
1.680000e+00	2.467685e+00	1.389589e+00
1.690000e+00	2.474729e+00	1.395224e+00
1.700000e+00	2.481746e+00	1.400865e+00
1.710000e+00	2.488737e+00	1.406513e+00
1.720000e+00	2.495703e+00	1.412168e+00
1.730000e+00	2.502642e+00	1.417830e+00
1.740000e+00	2.509556e+00	1.423498e+00
1.750000e+00	2.516444e+00	1.429174e+00
1.760000e+00	2.523307e+00	1.434857e+00
1.770000e+00	2.530144e+00	1.440547e+00
1.780000e+00	2.536955e+00	1.446244e+00
1.790000e+00	2.543742e+00	1.451949e+00
1.800000e+00	2.550504e+00	1.457660e+00
1.810000e+00	2.557240e+00	1.463379e+00
1.820000e+00	2.563952e+00	1.469105e+00
1.830000e+00	2.570638e+00	1.474839e+00
1.840000e+00	2.577300e+00	1.480580e+00
1.850000e+00	2.583938e+00	1.486328e+00
1.860000e+00	2.590551e+00	1.492084e+00
1.870000e+00	2.597140e+00	1.497847e+00
1.880000e+00	2.603704e+00	1.503618e+00
1.890000e+00	2.610244e+00	1.509397e+00
1.900000e+00	2.616761e+00	1.515184e+00
1.910000e+00	2.623253e+00	1.520978e+00
1.920000e+00	2.629722e+00	1.526780e+00
1.930000e+00	2.636166e+00	1.532589e+00
1.940000e+00	2.642588e+00	1.538407e+00
1.950000e+00	2.648985e+00	1.544233e+00
1.960000e+00	2.655360e+00	1.550066e+00
1.970000e+00	2.661711e+00	1.555908e+00
1.980000e+00	2.668039e+00	1.561757e+00
1.990000e+00	2.674344e+00	1.567615e+00
2.000000e+00	2.680626e+00	1.573481e+00
2.010000e+00	2.686885e+00	1.579354e+00
2.020000e+00	2.693122e+00	1.585237e+00
2.030000e+00	2.699336e+00	1.591127e+00
2.040000e+00	2.705527e+00	1.597026e+00
2.050000e+00	2.711696e+00	1.602933e+00
2.060000e+00	2.717843e+00	1.608848e+00
2.070000e+00	2.723967e+00	1.614772e+00
2.080000e+00	2.730070e+00	1.620704e+00
2.090000e+00	2.736151e+00	1.626645e+00
2.100000e+00	2.742209e+00	1.632594e+00
2.110000e+00	2.748246e+00	1.638552e+00
2.120000e+00	2.754262e+00	1.644518e+00
2.130000e+00	2.760255e+00	1.650493e+00
2.140000e+00	2.766228e+00	1.656477e+00
2.150000e+00	2.772179e+00	1.662470e+00
2.160000e+00	2.778109e+00	1.668471e+00
2.170000e+00	2.784018e+00	1.674481e+00
2.180000e+00	2.789905e+00	1.680500e+00
2.190000e+00	2.795772e+00	1.686528e+00
2.200000e+00	2.801618e+00	1.692565e+00
2.210000e+00	2.807444e+00	1.698611e+00
2.220000e+00	2.813249e+00	1.704666e+00
2.230000e+00	2.819033e+00	1.710730e+00
2.240000e+00	2.824797e+00	1.716803e+00
2.250000e+00	2.830541e+00	1.722885e+00
2.260000e+00	2.836264e+00	1.728977e+00
2.270000e+00	2.841968e+00	1.735077e+00
2.280000e+00	2.847651e+00	1.741187e+00
2.290000e+00	2.853315e+00	1.747306e+00
2.300000e+00	2.858958e+00	1.753434e+00
2.310000e+00	2.864582e+00	1.759572e+00
2.320000e+00	2.870187e+00	1.765720e+00
2.330000e+00	2.875772e+00	1.771876e+00
2.340000e+00	2.881338e+00	1.778042e+00
2.350000e+00	2.886884e+00	1.784218e+00
2.360000e+00	2.892411e+00	1.790403e+00
2.370000e+00	2.897919e+00	1.796598e+00
2.380000e+00	2.903408e+00	1.802802e+00
2.390000e+00	2.908878e+00	1.809016e+00
2.400000e+00	2.914330e+00	1.815240e+00
2.410000e+00	2.919762e+00	1.821474e+00
2.420000e+00	2.925176e+00	1.827717e+00
2.430000e+00	2.930572e+00	1.833970e+00
2.440000e+00	2.935949e+00	1.840233e+00
2.450000e+00	2.941308e+00	1.846506e+00
2.460000e+00	2.946648e+00	1.852789e+00
2.470000e+00	2.951970e+00	1.859082e+00
2.480000e+00	2.957275e+00	1.865384e+00
2.490000e+00	2.962561e+00	1.871697e+00
2.500000e+00	2.967829e+00	1.878020e+00
2.510000e+00	2.973080e+00	1.884353e+00
2.520000e+00	2.978312e+00	1.890696e+00
2.530000e+00	2.983527e+00	1.897049e+00
2.540000e+00	2.988725e+00	1.903413e+00
2.550000e+00	2.993905e+00	1.909787e+00
2.560000e+00	2.999068e+00	1.916171e+00
2.570000e+00	3.004213e+00	1.922565e+00
2.580000e+00	3.009342e+00	1.928970e+00
2.590000e+00	3.014453e+00	1.935385e+00
2.600000e+00	3.019547e+00	1.941811e+00
2.610000e+00	3.024624e+00	1.948247e+00
2.620000e+00	3.029685e+00	1.954693e+00
2.630000e+00	3.034728e+00	1.961150e+00
2.640000e+00	3.039755e+00	1.967618e+00
2.650000e+00	3.044765e+00	1.974096e+00
2.660000e+00	3.049759e+00	1.980585e+00
2.670000e+00	3.054736e+00	1.987085e+00
2.680000e+00	3.059697e+00	1.993595e+00
2.690000e+00	3.064642e+00	2.000116e+00
2.700000e+00	3.069570e+00	2.006648e+00
2.710000e+00	3.074482e+00	2.013190e+00
2.720000e+00	3.079378e+00	2.019744e+00
2.730000e+00	3.084258e+00	2.026308e+00
2.740000e+00	3.089123e+00	2.032883e+00
2.750000e+00	3.093971e+00	2.039470e+00
2.760000e+00	3.098804e+00	2.046067e+00
2.770000e+00	3.103621e+00	2.052675e+00
2.780000e+00	3.108422e+00	2.059295e+00
2.790000e+00	3.113208e+00	2.065925e+00
2.800000e+00	3.117979e+00	2.072567e+00
2.810000e+00	3.122734e+00	2.079219e+00
2.820000e+00	3.127473e+00	2.085883e+00
2.830000e+00	3.132198e+00	2.092558e+00
2.840000e+00	3.136907e+00	2.099245e+00
2.850000e+00	3.141602e+00	2.105943e+00
2.860000e+00	3.146281e+00	2.112652e+00
2.870000e+00	3.150945e+00	2.119372e+00
2.880000e+00	3.155595e+00	2.126104e+00
2.890000e+00	3.160229e+00	2.132847e+00
2.900000e+00	3.164849e+00	2.139602e+00
2.910000e+00	3.169454e+00	2.146368e+00
2.920000e+00	3.174045e+00	2.153146e+00
2.930000e+00	3.178621e+00	2.159935e+00
2.940000e+00	3.183183e+00	2.166736e+00
2.950000e+00	3.187730e+00	2.173549e+00
2.960000e+00	3.192263e+00	2.180373e+00
2.970000e+00	3.196782e+00	2.187209e+00
2.980000e+00	3.201286e+00	2.194057e+00
2.990000e+00	3.205777e+00	2.200917e+00
3.000000e+00	3.210253e+00	2.207788e+00
3.010000e+00	3.214715e+00	2.214671e+00
3.020000e+00	3.219164e+00	2.221566e+00
3.030000e+00	3.223598e+00	2.228473e+00
3.040000e+00	3.228019e+00	2.235392e+00
3.050000e+00	3.232426e+00	2.242323e+00
3.060000e+00	3.236819e+00	2.249266e+00
3.070000e+00	3.241199e+00	2.256221e+00
3.080000e+00	3.245565e+00	2.263189e+00
3.090000e+00	3.249918e+00	2.270168e+00
3.100000e+00	3.254257e+00	2.277159e+00
3.110000e+00	3.258583e+00	2.284163e+00
3.120000e+00	3.262895e+00	2.291178e+00
3.130000e+00	3.267195e+00	2.298207e+00
3.140000e+00	3.271481e+00	2.305247e+00
3.150000e+00	3.275754e+00	2.312300e+00
3.160000e+00	3.280014e+00	2.319365e+00
3.170000e+00	3.284261e+00	2.326442e+00
3.180000e+00	3.288494e+00	2.333532e+00
3.190000e+00	3.292715e+00	2.340634e+00
3.200000e+00	3.296924e+00	2.347749e+00
3.210000e+00	3.301119e+00	2.354876e+00
3.220000e+00	3.305302e+00	2.362016e+00
3.230000e+00	3.309472e+00	2.369168e+00
3.240000e+00	3.313629e+00	2.376333e+00
3.250000e+00	3.317774e+00	2.383511e+00
3.260000e+00	3.321906e+00	2.390702e+00
3.270000e+00	3.326026e+00	2.397905e+00
3.280000e+00	3.330134e+00	2.405121e+00
3.290000e+00	3.334229e+00	2.412349e+00
3.300000e+00	3.338312e+00	2.419591e+00
3.310000e+00	3.342383e+00	2.426845e+00
3.320000e+00	3.346441e+00	2.434112e+00
3.330000e+00	3.350487e+00	2.441393e+00
3.340000e+00	3.354522e+00	2.448686e+00
3.350000e+00	3.358544e+00	2.455992e+00
3.360000e+00	3.362554e+00	2.463311e+00
3.370000e+00	3.366553e+00	2.470643e+00
3.380000e+00	3.370539e+00	2.477989e+00
3.390000e+00	3.374514e+00	2.485347e+00
3.400000e+00	3.378477e+00	2.492719e+00
3.410000e+00	3.382428e+00	2.500104e+00
3.420000e+00	3.386368e+00	2.507502e+00
3.430000e+00	3.390296e+00	2.514913e+00
3.440000e+00	3.394212e+00	2.522338e+00
3.450000e+00	3.398117e+00	2.529776e+00
3.460000e+00	3.402010e+00	2.537227e+00
3.470000e+00	3.405892e+00	2.544692e+00
3.480000e+00	3.409763e+00	2.552170e+00
3.490000e+00	3.413622e+00	2.559661e+00
3.500000e+00	3.417470e+00	2.567166e+00
3.510000e+00	3.421307e+00	2.574685e+00
3.520000e+00	3.425132e+00	2.582217e+00
3.530000e+00	3.428947e+00	2.589763e+00
3.540000e+00	3.432750e+00	2.597323e+00
3.550000e+00	3.436543e+00	2.604896e+00
3.560000e+00	3.440324e+00	2.612483e+00
3.570000e+00	3.444094e+00	2.620083e+00
3.580000e+00	3.447854e+00	2.627697e+00
3.590000e+00	3.451602e+00	2.635326e+00
3.600000e+00	3.455340e+00	2.642968e+00
3.610000e+00	3.459067e+00	2.650624e+00
3.620000e+00	3.462783e+00	2.658293e+00
3.630000e+00	3.466489e+00	2.665977e+00
3.640000e+00	3.470184e+00	2.673675e+00
3.650000e+00	3.473868e+00	2.681386e+00
3.660000e+00	3.477542e+00	2.689112e+00
3.670000e+00	3.481205e+00	2.696852e+00
3.680000e+00	3.484858e+00	2.704606e+00
3.690000e+00	3.488500e+00	2.712374e+00
3.700000e+00	3.492132e+00	2.720156e+00
3.710000e+00	3.495754e+00	2.727953e+00
3.720000e+00	3.499365e+00	2.735764e+00
3.730000e+00	3.502966e+00	2.743589e+00
3.740000e+00	3.506557e+00	2.751428e+00
3.750000e+00	3.510138e+00	2.759282e+00
3.760000e+00	3.513708e+00	2.767150e+00
3.770000e+00	3.517269e+00	2.775032e+00
3.780000e+00	3.520819e+00	2.782929e+00
3.790000e+00	3.524359e+00	2.790841e+00
3.800000e+00	3.527890e+00	2.798767e+00
3.810000e+00	3.531410e+00	2.806707e+00
3.820000e+00	3.534921e+00	2.814662e+00
3.830000e+00	3.538421e+00	2.822632e+00
3.840000e+00	3.541912e+00	2.830616e+00
3.850000e+00	3.545393e+00	2.838616e+00
3.860000e+00	3.548864e+00	2.846629e+00
3.870000e+00	3.552326e+00	2.854658e+00
3.880000e+00	3.555778e+00	2.862701e+00
3.890000e+00	3.559220e+00	2.870760e+00
3.900000e+00	3.562653e+00	2.878833e+00
3.910000e+00	3.566076e+00	2.886921e+00
3.920000e+00	3.569489e+00	2.895024e+00
3.930000e+00	3.572893e+00	2.903142e+00
3.940000e+00	3.576288e+00	2.911275e+00
3.950000e+00	3.579673e+00	2.919423e+00
3.960000e+00	3.583049e+00	2.927586e+00
3.970000e+00	3.586415e+00	2.935764e+00
3.980000e+00	3.589772e+00	2.943957e+00
3.990000e+00	3.593120e+00	2.952166e+00
4.000000e+00	3.596459e+00	2.960390e+00
4.010000e+00	3.599788e+00	2.968629e+00
4.020000e+00	3.603109e+00	2.976883e+00
4.030000e+00	3.606420e+00	2.985153e+00
4.040000e+00	3.609722e+00	2.993438e+00
4.050000e+00	3.613015e+00	3.001738e+00
4.060000e+00	3.616299e+00	3.010054e+00
4.070000e+00	3.619574e+00	3.018385e+00
4.080000e+00	3.622839e+00	3.026732e+00
4.090000e+00	3.626096e+00	3.035094e+00
4.100000e+00	3.629345e+00	3.043472e+00
4.110000e+00	3.632584e+00	3.051866e+00
4.120000e+00	3.635814e+00	3.060275e+00
4.130000e+00	3.639036e+00	3.068700e+00
4.140000e+00	3.642249e+00	3.077141e+00
4.150000e+00	3.645453e+00	3.085597e+00
4.160000e+00	3.648648e+00	3.094069e+00
4.170000e+00	3.651835e+00	3.102557e+00
4.180000e+00	3.655013e+00	3.111061e+00
4.190000e+00	3.658183e+00	3.119581e+00
4.200000e+00	3.661344e+00	3.128116e+00
4.210000e+00	3.664496e+00	3.136668e+00
4.220000e+00	3.667640e+00	3.145235e+00
4.230000e+00	3.670775e+00	3.153819e+00
4.240000e+00	3.673902e+00	3.162419e+00
4.250000e+00	3.677021e+00	3.171035e+00
4.260000e+00	3.680131e+00	3.179667e+00
4.270000e+00	3.683232e+00	3.188315e+00
4.280000e+00	3.686326e+00	3.196979e+00
4.290000e+00	3.689411e+00	3.205660e+00
4.300000e+00	3.692488e+00	3.214357e+00
4.310000e+00	3.695556e+00	3.223070e+00
4.320000e+00	3.698617e+00	3.231800e+00
4.330000e+00	3.701669e+00	3.240546e+00
4.340000e+00	3.704713e+00	3.249308e+00
4.350000e+00	3.707749e+00	3.258087e+00
4.360000e+00	3.710777e+00	3.266883e+00
4.370000e+00	3.713797e+00	3.275695e+00
4.380000e+00	3.716808e+00	3.284523e+00
4.390000e+00	3.719812e+00	3.293369e+00
4.400000e+00	3.722808e+00	3.302231e+00
4.410000e+00	3.725796e+00	3.311109e+00
4.420000e+00	3.728775e+00	3.320005e+00
4.430000e+00	3.731747e+00	3.328917e+00
4.440000e+00	3.734711e+00	3.337846e+00
4.450000e+00	3.737668e+00	3.346791e+00
4.460000e+00	3.740616e+00	3.355754e+00
4.470000e+00	3.743557e+00	3.364734e+00
4.480000e+00	3.746489e+00	3.373730e+00
4.490000e+00	3.749415e+00	3.382744e+00
4.500000e+00	3.752332e+00	3.391774e+00
4.510000e+00	3.755242e+00	3.400822e+00
4.520000e+00	3.758144e+00	3.409887e+00
4.530000e+00	3.761038e+00	3.418969e+00
4.540000e+00	3.763925e+00	3.428068e+00
4.550000e+00	3.766804e+00	3.437184e+00
4.560000e+00	3.769676e+00	3.446318e+00
4.570000e+00	3.772540e+00	3.455468e+00
4.580000e+00	3.775397e+00	3.464637e+00
4.590000e+00	3.778246e+00	3.473822e+00
4.600000e+00	3.781088e+00	3.483025e+00
4.610000e+00	3.783922e+00	3.492246e+00
4.620000e+00	3.786749e+00	3.501483e+00
4.630000e+00	3.789569e+00	3.510739e+00
4.640000e+00	3.792381e+00	3.520012e+00
4.650000e+00	3.795186e+00	3.529303e+00
4.660000e+00	3.797984e+00	3.538611e+00
4.670000e+00	3.800774e+00	3.547937e+00
4.680000e+00	3.803557e+00	3.557280e+00
4.690000e+00	3.806333e+00	3.566642e+00
4.700000e+00	3.809102e+00	3.576021e+00
4.710000e+00	3.811863e+00	3.585418e+00
4.720000e+00	3.814617e+00	3.594833e+00
4.730000e+00	3.817365e+00	3.604266e+00
4.740000e+00	3.820105e+00	3.613716e+00
4.750000e+00	3.822838e+00	3.623185e+00
4.760000e+00	3.825564e+00	3.632672e+00
4.770000e+00	3.828283e+00	3.642177e+00
4.780000e+00	3.830995e+00	3.651699e+00
4.790000e+00	3.833699e+00	3.661240e+00
4.800000e+00	3.836397e+00	3.670800e+00
4.810000e+00	3.839088e+00	3.680377e+00
4.820000e+00	3.841773e+00	3.689973e+00
4.830000e+00	3.844450e+00	3.699587e+00
4.840000e+00	3.847120e+00	3.709219e+00
4.850000e+00	3.849784e+00	3.718870e+00
4.860000e+00	3.852440e+00	3.728539e+00
4.870000e+00	3.855090e+00	3.738227e+00
4.880000e+00	3.857733e+00	3.747933e+00
4.890000e+00	3.860370e+00	3.757658e+00
4.900000e+00	3.862999e+00	3.767401e+00
4.910000e+00	3.865622e+00	3.777163e+00
4.920000e+00	3.868238e+00	3.786943e+00
4.930000e+00	3.870848e+00	3.796742e+00
4.940000e+00	3.873451e+00	3.806560e+00
4.950000e+00	3.876047e+00	3.816397e+00
4.960000e+00	3.878636e+00	3.826252e+00
4.970000e+00	3.881219e+00	3.836127e+00
4.980000e+00	3.883796e+00	3.846020e+00
4.990000e+00	3.886366e+00	3.855932e+00
5.000000e+00	3.888929e+00	3.865863e+00
5.010000e+00	3.891486e+00	3.875814e+00
5.020000e+00	3.894036e+00	3.885783e+00
5.030000e+00	3.896580e+00	3.895771e+00
5.040000e+00	3.899118e+00	3.905779e+00
5.050000e+00	3.901649e+00	3.915805e+00
5.060000e+00	3.904174e+00	3.925851e+00
5.070000e+00	3.906692e+00	3.935916e+00
5.080000e+00	3.909204e+00	3.946001e+00
5.090000e+00	3.911709e+00	3.956105e+00
5.100000e+00	3.914209e+00	3.966228e+00
5.110000e+00	3.916702e+00	3.976370e+00
5.120000e+00	3.919188e+00	3.986532e+00
5.130000e+00	3.921669e+00	3.996714e+00
5.140000e+00	3.924143e+00	4.006915e+00
5.150000e+00	3.926611e+00	4.017136e+00
5.160000e+00	3.929073e+00	4.027376e+00
5.170000e+00	3.931528e+00	4.037636e+00
5.180000e+00	3.933978e+00	4.047916e+00
5.190000e+00	3.936421e+00	4.058216e+00
5.200000e+00	3.938858e+00	4.068535e+00
5.210000e+00	3.941289e+00	4.078874e+00
5.220000e+00	3.943714e+00	4.089233e+00
5.230000e+00	3.946133e+00	4.099612e+00
5.240000e+00	3.948546e+00	4.110011e+00
5.250000e+00	3.950953e+00	4.120430e+00
5.260000e+00	3.953354e+00	4.130869e+00
5.270000e+00	3.955749e+00	4.141328e+00
5.280000e+00	3.958137e+00	4.151807e+00
5.290000e+00	3.960520e+00	4.162306e+00
5.300000e+00	3.962897e+00	4.172826e+00
5.310000e+00	3.965268e+00	4.183366e+00
5.320000e+00	3.967634e+00	4.193926e+00
5.330000e+00	3.969993e+00	4.204507e+00
5.340000e+00	3.972346e+00	4.215108e+00
5.350000e+00	3.974694e+00	4.225729e+00
5.360000e+00	3.977036e+00	4.236371e+00
5.370000e+00	3.979371e+00	4.247033e+00
5.380000e+00	3.981702e+00	4.257716e+00
5.390000e+00	3.984026e+00	4.268419e+00
5.400000e+00	3.986345e+00	4.279144e+00
5.410000e+00	3.988657e+00	4.289888e+00
5.420000e+00	3.990965e+00	4.300654e+00
5.430000e+00	3.993266e+00	4.311440e+00
5.440000e+00	3.995562e+00	4.322248e+00
5.450000e+00	3.997852e+00	4.333076e+00
5.460000e+00	4.000136e+00	4.343925e+00
5.470000e+00	4.002415e+00	4.354794e+00
5.480000e+00	4.004688e+00	4.365685e+00
5.490000e+00	4.006956e+00	4.376597e+00
5.500000e+00	4.009218e+00	4.387530e+00
5.510000e+00	4.011475e+00	4.398485e+00
5.520000e+00	4.013725e+00	4.409460e+00
5.530000e+00	4.015971e+00	4.420456e+00
5.540000e+00	4.018211e+00	4.431474e+00
5.550000e+00	4.020445e+00	4.442513e+00
5.560000e+00	4.022674e+00	4.453574e+00
5.570000e+00	4.024897e+00	4.464656e+00
5.580000e+00	4.027115e+00	4.475759e+00
5.590000e+00	4.029328e+00	4.486884e+00
5.600000e+00	4.031535e+00	4.498030e+00
5.610000e+00	4.033736e+00	4.509198e+00
5.620000e+00	4.035933e+00	4.520388e+00
5.630000e+00	4.038124e+00	4.531599e+00
5.640000e+00	4.040309e+00	4.542832e+00
5.650000e+00	4.042490e+00	4.554086e+00
5.660000e+00	4.044664e+00	4.565363e+00
5.670000e+00	4.046834e+00	4.576661e+00
5.680000e+00	4.048998e+00	4.587981e+00
5.690000e+00	4.051157e+00	4.599323e+00
5.700000e+00	4.053311e+00	4.610687e+00
5.710000e+00	4.055460e+00	4.622074e+00
5.720000e+00	4.057603e+00	4.633482e+00
5.730000e+00	4.059741e+00	4.644912e+00
5.740000e+00	4.061874e+00	4.656365e+00
5.750000e+00	4.064002e+00	4.667839e+00
5.760000e+00	4.066124e+00	4.679336e+00
5.770000e+00	4.068242e+00	4.690855e+00
5.780000e+00	4.070354e+00	4.702397e+00
5.790000e+00	4.072461e+00	4.713961e+00
5.800000e+00	4.074563e+00	4.725547e+00
5.810000e+00	4.076660e+00	4.737156e+00
5.820000e+00	4.078752e+00	4.748788e+00
5.830000e+00	4.080839e+00	4.760442e+00
5.840000e+00	4.082921e+00	4.772119e+00
5.850000e+00	4.084997e+00	4.783818e+00
5.860000e+00	4.087069e+00	4.795540e+00
5.870000e+00	4.089136e+00	4.807285e+00
5.880000e+00	4.091198e+00	4.819052e+00
5.890000e+00	4.093254e+00	4.830843e+00
5.900000e+00	4.095306e+00	4.842656e+00
5.910000e+00	4.097353e+00	4.854493e+00
5.920000e+00	4.099395e+00	4.866352e+00
5.930000e+00	4.101432e+00	4.878234e+00
5.940000e+00	4.103464e+00	4.890140e+00
5.950000e+00	4.105491e+00	4.902069e+00
5.960000e+00	4.107513e+00	4.914021e+00
5.970000e+00	4.109531e+00	4.925996e+00
5.980000e+00	4.111543e+00	4.937994e+00
5.990000e+00	4.113551e+00	4.950016e+00
6.000000e+00	4.115554e+00	4.962061e+00
6.010000e+00	4.117552e+00	4.974129e+00
6.020000e+00	4.119546e+00	4.986222e+00
6.030000e+00	4.121534e+00	4.998337e+00
6.040000e+00	4.123518e+00	5.010476e+00
6.050000e+00	4.125497e+00	5.022639e+00
6.060000e+00	4.127471e+00	5.034826e+00
6.070000e+00	4.129441e+00	5.047036e+00
6.080000e+00	4.131406e+00	5.059270e+00
6.090000e+00	4.133366e+00	5.071527e+00
6.100000e+00	4.135322e+00	5.083809e+00
6.110000e+00	4.137272e+00	5.096115e+00
6.120000e+00	4.139219e+00	5.108444e+00
6.130000e+00	4.141160e+00	5.120798e+00
6.140000e+00	4.143097e+00	5.133175e+00
6.150000e+00	4.145029e+00	5.145577e+00
6.160000e+00	4.146957e+00	5.158003e+00
6.170000e+00	4.148880e+00	5.170453e+00
6.180000e+00	4.150799e+00	5.182928e+00
6.190000e+00	4.152712e+00	5.195426e+00
6.200000e+00	4.154622e+00	5.207950e+00
6.210000e+00	4.156527e+00	5.220497e+00
6.220000e+00	4.158427e+00	5.233069e+00
6.230000e+00	4.160323e+00	5.245666e+00
6.240000e+00	4.162214e+00	5.258287e+00
6.250000e+00	4.164101e+00	5.270932e+00
6.260000e+00	4.165983e+00	5.283603e+00
6.270000e+00	4.167861e+00	5.296298e+00
6.280000e+00	4.169735e+00	5.309018e+00
6.290000e+00	4.171604e+00	5.321762e+00
6.300000e+00	4.173468e+00	5.334532e+00
6.310000e+00	4.175328e+00	5.347326e+00
6.320000e+00	4.177184e+00	5.360146e+00
6.330000e+00	4.179035e+00	5.372990e+00
6.340000e+00	4.180882e+00	5.385860e+00
6.350000e+00	4.182725e+00	5.398755e+00
6.360000e+00	4.184563e+00	5.411674e+00
6.370000e+00	4.186397e+00	5.424619e+00
6.380000e+00	4.188227e+00	5.437590e+00
6.390000e+00	4.190052e+00	5.450586e+00
6.400000e+00	4.191873e+00	5.463607e+00
6.410000e+00	4.193689e+00	5.476653e+00
6.420000e+00	4.195502e+00	5.489725e+00
6.430000e+00	4.197310e+00	5.502823e+00
6.440000e+00	4.199114e+00	5.515946e+00
6.450000e+00	4.200913e+00	5.529095e+00
6.460000e+00	4.202709e+00	5.542269e+00
6.470000e+00	4.204500e+00	5.555469e+00
6.480000e+00	4.206287e+00	5.568695e+00
6.490000e+00	4.208069e+00	5.581947e+00
6.500000e+00	4.209848e+00	5.595225e+00
6.510000e+00	4.211622e+00	5.608529e+00
6.520000e+00	4.213393e+00	5.621859e+00
6.530000e+00	4.215159e+00	5.635215e+00
6.540000e+00	4.216921e+00	5.648597e+00
6.550000e+00	4.218678e+00	5.662005e+00
6.560000e+00	4.220432e+00	5.675439e+00
6.570000e+00	4.222181e+00	5.688900e+00
6.580000e+00	4.223927e+00	5.702387e+00
6.590000e+00	4.225668e+00	5.715900e+00
6.600000e+00	4.227406e+00	5.729440e+00
6.610000e+00	4.229139e+00	5.743006e+00
6.620000e+00	4.230868e+00	5.756599e+00
6.630000e+00	4.232593e+00	5.770219e+00
6.640000e+00	4.234314e+00	5.783865e+00
6.650000e+00	4.236031e+00	5.797538e+00
6.660000e+00	4.237744e+00	5.811237e+00
6.670000e+00	4.239453e+00	5.824964e+00
6.680000e+00	4.241158e+00	5.838717e+00
6.690000e+00	4.242859e+00	5.852497e+00
6.700000e+00	4.244557e+00	5.866305e+00
6.710000e+00	4.246250e+00	5.880139e+00
6.720000e+00	4.247939e+00	5.894000e+00
6.730000e+00	4.249624e+00	5.907889e+00
6.740000e+00	4.251306e+00	5.921805e+00
6.750000e+00	4.252983e+00	5.935748e+00
6.760000e+00	4.254657e+00	5.949718e+00
6.770000e+00	4.256326e+00	5.963716e+00
6.780000e+00	4.257992e+00	5.977741e+00
6.790000e+00	4.259654e+00	5.991793e+00
6.800000e+00	4.261312e+00	6.005874e+00
6.810000e+00	4.262966e+00	6.019981e+00
6.820000e+00	4.264617e+00	6.034117e+00
6.830000e+00	4.266263e+00	6.048280e+00
6.840000e+00	4.267906e+00	6.062471e+00
6.850000e+00	4.269545e+00	6.076689e+00
6.860000e+00	4.271180e+00	6.090936e+00
6.870000e+00	4.272811e+00	6.105210e+00
6.880000e+00	4.274439e+00	6.119513e+00
6.890000e+00	4.276062e+00	6.133844e+00
6.900000e+00	4.277682e+00	6.148202e+00
6.910000e+00	4.279299e+00	6.162589e+00
6.920000e+00	4.280911e+00	6.177004e+00
6.930000e+00	4.282520e+00	6.191447e+00
6.940000e+00	4.284125e+00	6.205919e+00
6.950000e+00	4.285726e+00	6.220419e+00
6.960000e+00	4.287324e+00	6.234948e+00
6.970000e+00	4.288918e+00	6.249505e+00
6.980000e+00	4.290508e+00	6.264090e+00
6.990000e+00	4.292095e+00	6.278704e+00
7.000000e+00	4.293678e+00	6.293347e+00
7.010000e+00	4.295257e+00	6.308019e+00
7.020000e+00	4.296833e+00	6.322719e+00
7.030000e+00	4.298405e+00	6.337448e+00
7.040000e+00	4.299973e+00	6.352207e+00
7.050000e+00	4.301538e+00	6.366994e+00
7.060000e+00	4.303099e+00	6.381810e+00
7.070000e+00	4.304657e+00	6.396655e+00
7.080000e+00	4.306211e+00	6.411530e+00
7.090000e+00	4.307761e+00	6.426433e+00
7.100000e+00	4.309308e+00	6.441366e+00
7.110000e+00	4.310852e+00	6.456328e+00
7.120000e+00	4.312391e+00	6.471320e+00
7.130000e+00	4.313928e+00	6.486341e+00
7.140000e+00	4.315460e+00	6.501392e+00
7.150000e+00	4.316989e+00	6.516472e+00
7.160000e+00	4.318515e+00	6.531582e+00
7.170000e+00	4.320037e+00	6.546721e+00
7.180000e+00	4.321556e+00	6.561890e+00
7.190000e+00	4.323071e+00	6.577089e+00
7.200000e+00	4.324583e+00	6.592318e+00
7.210000e+00	4.326091e+00	6.607577e+00
7.220000e+00	4.327596e+00	6.622866e+00
7.230000e+00	4.329098e+00	6.638184e+00
7.240000e+00	4.330595e+00	6.653533e+00
7.250000e+00	4.332090e+00	6.668912e+00
7.260000e+00	4.333581e+00	6.684322e+00
7.270000e+00	4.335069e+00	6.699761e+00
7.280000e+00	4.336553e+00	6.715231e+00
7.290000e+00	4.338034e+00	6.730732e+00
7.300000e+00	4.339512e+00	6.746263e+00
7.310000e+00	4.340986e+00	6.761824e+00
7.320000e+00	4.342456e+00	6.777416e+00
7.330000e+00	4.343924e+00	6.793039e+00
7.340000e+00	4.345388e+00	6.808692e+00
7.350000e+00	4.346849e+00	6.824376e+00
7.360000e+00	4.348306e+00	6.840091e+00
7.370000e+00	4.349760e+00	6.855837e+00
7.380000e+00	4.351211e+00	6.871614e+00
7.390000e+00	4.352658e+00	6.887422e+00
7.400000e+00	4.354103e+00	6.903261e+00
7.410000e+00	4.355543e+00	6.919131e+00
7.420000e+00	4.356981e+00	6.935033e+00
7.430000e+00	4.358415e+00	6.950965e+00
7.440000e+00	4.359846e+00	6.966929e+00
7.450000e+00	4.361274e+00	6.982925e+00
7.460000e+00	4.362699e+00	6.998952e+00
7.470000e+00	4.364120e+00	7.015010e+00
7.480000e+00	4.365538e+00	7.031100e+00
7.490000e+00	4.366953e+00	7.047222e+00
7.500000e+00	4.368365e+00	7.063376e+00
7.510000e+00	4.369773e+00	7.079561e+00
7.520000e+00	4.371179e+00	7.095778e+00
7.530000e+00	4.372581e+00	7.112027e+00
7.540000e+00	4.373980e+00	7.128308e+00
7.550000e+00	4.375375e+00	7.144621e+00
7.560000e+00	4.376768e+00	7.160966e+00
7.570000e+00	4.378157e+00	7.177344e+00
7.580000e+00	4.379544e+00	7.193753e+00
7.590000e+00	4.380927e+00	7.210195e+00
7.600000e+00	4.382307e+00	7.226670e+00
7.610000e+00	4.383684e+00	7.243177e+00
7.620000e+00	4.385057e+00	7.259716e+00
7.630000e+00	4.386428e+00	7.276288e+00
7.640000e+00	4.387796e+00	7.292892e+00
7.650000e+00	4.389160e+00	7.309529e+00
7.660000e+00	4.390521e+00	7.326199e+00
7.670000e+00	4.391880e+00	7.342902e+00
7.680000e+00	4.393235e+00	7.359638e+00
7.690000e+00	4.394587e+00	7.376407e+00
7.700000e+00	4.395936e+00	7.393208e+00
7.710000e+00	4.397282e+00	7.410043e+00
7.720000e+00	4.398625e+00	7.426911e+00
7.730000e+00	4.399965e+00	7.443812e+00
7.740000e+00	4.401302e+00	7.460747e+00
7.750000e+00	4.402636e+00	7.477715e+00
7.760000e+00	4.403967e+00	7.494716e+00
7.770000e+00	4.405295e+00	7.511751e+00
7.780000e+00	4.406620e+00	7.528819e+00
7.790000e+00	4.407942e+00	7.545921e+00
7.800000e+00	4.409261e+00	7.563057e+00
7.810000e+00	4.410577e+00	7.580227e+00
7.820000e+00	4.411890e+00	7.597430e+00
7.830000e+00	4.413200e+00	7.614668e+00
7.840000e+00	4.414508e+00	7.631939e+00
7.850000e+00	4.415812e+00	7.649244e+00
7.860000e+00	4.417113e+00	7.666584e+00
7.870000e+00	4.418412e+00	7.683957e+00
7.880000e+00	4.419707e+00	7.701365e+00
7.890000e+00	4.421000e+00	7.718807e+00
7.900000e+00	4.422289e+00	7.736284e+00
7.910000e+00	4.423576e+00	7.753795e+00
7.920000e+00	4.424860e+00	7.771341e+00
7.930000e+00	4.426141e+00	7.788921e+00
7.940000e+00	4.427419e+00	7.806536e+00
7.950000e+00	4.428694e+00	7.824185e+00
7.960000e+00	4.429967e+00	7.841870e+00
7.970000e+00	4.431236e+00	7.859589e+00
7.980000e+00	4.432503e+00	7.877343e+00
7.990000e+00	4.433767e+00	7.895133e+00
8.000000e+00	4.435028e+00	7.912957e+00
8.010000e+00	4.436286e+00	7.930816e+00
8.020000e+00	4.437542e+00	7.948711e+00
8.030000e+00	4.438794e+00	7.966641e+00
8.040000e+00	4.440044e+00	7.984607e+00
8.050000e+00	4.441291e+00	8.002608e+00
8.060000e+00	4.442535e+00	8.020644e+00
8.070000e+00	4.443777e+00	8.038716e+00
8.080000e+00	4.445015e+00	8.056824e+00
8.090000e+00	4.446251e+00	8.074967e+00
8.100000e+00	4.447484e+00	8.093146e+00
8.110000e+00	4.448715e+00	8.111361e+00
8.120000e+00	4.449943e+00	8.129612e+00
8.130000e+00	4.451167e+00	8.147899e+00
8.140000e+00	4.452390e+00	8.166223e+00
8.150000e+00	4.453609e+00	8.184582e+00
8.160000e+00	4.454826e+00	8.202977e+00
8.170000e+00	4.456040e+00	8.221409e+00
8.180000e+00	4.457251e+00	8.239877e+00
8.190000e+00	4.458460e+00	8.258382e+00
8.200000e+00	4.459666e+00	8.276923e+00
8.210000e+00	4.460869e+00	8.295501e+00
8.220000e+00	4.462069e+00	8.314116e+00
8.230000e+00	4.463267e+00	8.332767e+00
8.240000e+00	4.464462e+00	8.351455e+00
8.250000e+00	4.465655e+00	8.370180e+00
8.260000e+00	4.466845e+00	8.388942e+00
8.270000e+00	4.468032e+00	8.407741e+00
8.280000e+00	4.469217e+00	8.426577e+00
8.290000e+00	4.470399e+00	8.445450e+00
8.300000e+00	4.471578e+00	8.464361e+00
8.310000e+00	4.472755e+00	8.483309e+00
8.320000e+00	4.473929e+00	8.502294e+00
8.330000e+00	4.475100e+00	8.521317e+00
8.340000e+00	4.476269e+00	8.540377e+00
8.350000e+00	4.477436e+00	8.559475e+00
8.360000e+00	4.478599e+00	8.578611e+00
8.370000e+00	4.479761e+00	8.597785e+00
8.380000e+00	4.480919e+00	8.616996e+00
8.390000e+00	4.482075e+00	8.636246e+00
8.400000e+00	4.483229e+00	8.655533e+00
8.410000e+00	4.484379e+00	8.674858e+00
8.420000e+00	4.485528e+00	8.694222e+00
8.430000e+00	4.486674e+00	8.713624e+00
8.440000e+00	4.487817e+00	8.733064e+00
8.450000e+00	4.488958e+00	8.752543e+00
8.460000e+00	4.490096e+00	8.772060e+00
8.470000e+00	4.491231e+00	8.791616e+00
8.480000e+00	4.492365e+00	8.811210e+00
8.490000e+00	4.493495e+00	8.830844e+00
8.500000e+00	4.494623e+00	8.850515e+00
8.510000e+00	4.495749e+00	8.870226e+00
8.520000e+00	4.496872e+00	8.889976e+00
8.530000e+00	4.497993e+00	8.909765e+00
8.540000e+00	4.499111e+00	8.929593e+00
8.550000e+00	4.500227e+00	8.949460e+00
8.560000e+00	4.501340e+00	8.969366e+00
8.570000e+00	4.502451e+00	8.989312e+00
8.580000e+00	4.503559e+00	9.009297e+00
8.590000e+00	4.504665e+00	9.029321e+00
8.600000e+00	4.505769e+00	9.049385e+00
8.610000e+00	4.506870e+00	9.069489e+00
8.620000e+00	4.507968e+00	9.089633e+00
8.630000e+00	4.509065e+00	9.109816e+00
8.640000e+00	4.510158e+00	9.130039e+00
8.650000e+00	4.511250e+00	9.150303e+00
8.660000e+00	4.512339e+00	9.170606e+00
8.670000e+00	4.513425e+00	9.190950e+00
8.680000e+00	4.514509e+00	9.211333e+00
8.690000e+00	4.515591e+00	9.231757e+00
8.700000e+00	4.516671e+00	9.252222e+00
8.710000e+00	4.517748e+00	9.272726e+00
8.720000e+00	4.518822e+00	9.293272e+00
8.730000e+00	4.519895e+00	9.313858e+00
8.740000e+00	4.520965e+00	9.334485e+00
8.750000e+00	4.522032e+00	9.355152e+00
8.760000e+00	4.523097e+00	9.375860e+00
8.770000e+00	4.524160e+00	9.396610e+00
8.780000e+00	4.525221e+00	9.417400e+00
8.790000e+00	4.526279e+00	9.438232e+00
8.800000e+00	4.527335e+00	9.459104e+00
8.810000e+00	4.528388e+00	9.480018e+00
8.820000e+00	4.529440e+00	9.500973e+00
8.830000e+00	4.530489e+00	9.521970e+00
8.840000e+00	4.531535e+00	9.543009e+00
8.850000e+00	4.532580e+00	9.564088e+00
8.860000e+00	4.533622e+00	9.585210e+00
8.870000e+00	4.534662e+00	9.606373e+00
8.880000e+00	4.535699e+00	9.627579e+00
8.890000e+00	4.536734e+00	9.648826e+00
8.900000e+00	4.537767e+00	9.670115e+00
8.910000e+00	4.538798e+00	9.691446e+00
8.920000e+00	4.539826e+00	9.712820e+00
8.930000e+00	4.540853e+00	9.734236e+00
8.940000e+00	4.541876e+00	9.755694e+00
8.950000e+00	4.542898e+00	9.777195e+00
8.960000e+00	4.543918e+00	9.798738e+00
8.970000e+00	4.544935e+00	9.820324e+00
8.980000e+00	4.545950e+00	9.841952e+00
8.990000e+00	4.546963e+00	9.863624e+00
9.000000e+00	4.547973e+00	9.885338e+00
9.010000e+00	4.548982e+00	9.907095e+00
9.020000e+00	4.549988e+00	9.928895e+00
9.030000e+00	4.550992e+00	9.950739e+00
9.040000e+00	4.551993e+00	9.972625e+00
9.050000e+00	4.552993e+00	9.994555e+00
9.060000e+00	4.553990e+00	1.001653e+01
9.070000e+00	4.554986e+00	1.003855e+01
9.080000e+00	4.555979e+00	1.006061e+01
9.090000e+00	4.556969e+00	1.008271e+01
9.100000e+00	4.557958e+00	1.010486e+01
9.110000e+00	4.558945e+00	1.012705e+01
9.120000e+00	4.559929e+00	1.014928e+01
9.130000e+00	4.560911e+00	1.017156e+01
9.140000e+00	4.561891e+00	1.019389e+01
9.150000e+00	4.562869e+00	1.021626e+01
9.160000e+00	4.563845e+00	1.023867e+01
9.170000e+00	4.564819e+00	1.026112e+01
9.180000e+00	4.565790e+00	1.028363e+01
9.190000e+00	4.566760e+00	1.030617e+01
9.200000e+00	4.567727e+00	1.032876e+01
9.210000e+00	4.568692e+00	1.035140e+01
9.220000e+00	4.569656e+00	1.037408e+01
9.230000e+00	4.570617e+00	1.039680e+01
9.240000e+00	4.571575e+00	1.041957e+01
9.250000e+00	4.572532e+00	1.044238e+01
9.260000e+00	4.573487e+00	1.046524e+01
9.270000e+00	4.574440e+00	1.048815e+01
9.280000e+00	4.575390e+00	1.051110e+01
9.290000e+00	4.576339e+00	1.053410e+01
9.300000e+00	4.577285e+00	1.055714e+01
9.310000e+00	4.578230e+00	1.058022e+01
9.320000e+00	4.579172e+00	1.060336e+01
9.330000e+00	4.580113e+00	1.062653e+01
9.340000e+00	4.581051e+00	1.064976e+01
9.350000e+00	4.581987e+00	1.067303e+01
9.360000e+00	4.582921e+00	1.069635e+01
9.370000e+00	4.583854e+00	1.071971e+01
9.380000e+00	4.584784e+00	1.074312e+01
9.390000e+00	4.585712e+00	1.076657e+01
9.400000e+00	4.586638e+00	1.079007e+01
9.410000e+00	4.587562e+00	1.081362e+01
9.420000e+00	4.588484e+00	1.083722e+01
9.430000e+00	4.589404e+00	1.086086e+01
9.440000e+00	4.590322e+00	1.088455e+01
9.450000e+00	4.591239e+00	1.090828e+01
9.460000e+00	4.592153e+00	1.093207e+01
9.470000e+00	4.593065e+00	1.095590e+01
9.480000e+00	4.593975e+00	1.097977e+01
9.490000e+00	4.594883e+00	1.100370e+01
9.500000e+00	4.595789e+00	1.102767e+01
9.510000e+00	4.596694e+00	1.105169e+01
9.520000e+00	4.597596e+00	1.107575e+01
9.530000e+00	4.598496e+00	1.109987e+01
9.540000e+00	4.599395e+00	1.112403e+01
9.550000e+00	4.600291e+00	1.114824e+01
9.560000e+00	4.601186e+00	1.117250e+01
9.570000e+00	4.602078e+00	1.119680e+01
9.580000e+00	4.602969e+00	1.122116e+01
9.590000e+00	4.603858e+00	1.124556e+01
9.600000e+00	4.604745e+00	1.127001e+01
9.610000e+00	4.605630e+00	1.129451e+01
9.620000e+00	4.606513e+00	1.131906e+01
9.630000e+00	4.607394e+00	1.134365e+01
9.640000e+00	4.608273e+00	1.136830e+01
9.650000e+00	4.609150e+00	1.139299e+01
9.660000e+00	4.610025e+00	1.141773e+01
9.670000e+00	4.610899e+00	1.144252e+01
9.680000e+00	4.611771e+00	1.146737e+01
9.690000e+00	4.612640e+00	1.149226e+01
9.700000e+00	4.613508e+00	1.151719e+01
9.710000e+00	4.614374e+00	1.154218e+01
9.720000e+00	4.615238e+00	1.156722e+01
9.730000e+00	4.616100e+00	1.159231e+01
9.740000e+00	4.616961e+00	1.161745e+01
9.750000e+00	4.617819e+00	1.164263e+01
9.760000e+00	4.618676e+00	1.166787e+01
9.770000e+00	4.619531e+00	1.169316e+01
9.780000e+00	4.620384e+00	1.171850e+01
9.790000e+00	4.621235e+00	1.174388e+01
9.800000e+00	4.622084e+00	1.176932e+01
9.810000e+00	4.622932e+00	1.179481e+01
9.820000e+00	4.623777e+00	1.182035e+01
9.830000e+00	4.624621e+00	1.184594e+01
9.840000e+00	4.625463e+00	1.187158e+01
9.850000e+00	4.626303e+00	1.189727e+01
9.860000e+00	4.627142e+00	1.192301e+01
9.870000e+00	4.627978e+00	1.194881e+01
9.880000e+00	4.628813e+00	1.197465e+01
9.890000e+00	4.629646e+00	1.200055e+01
9.900000e+00	4.630477e+00	1.202649e+01
9.910000e+00	4.631307e+00	1.205249e+01
9.920000e+00	4.632134e+00	1.207854e+01
9.930000e+00	4.632960e+00	1.210464e+01
9.940000e+00	4.633784e+00	1.213080e+01
9.950000e+00	4.634607e+00	1.215700e+01
9.960000e+00	4.635427e+00	1.218326e+01
9.970000e+00	4.636246e+00	1.220957e+01
9.980000e+00	4.637063e+00	1.223593e+01
9.990000e+00	4.637878e+00	1.226234e+01
1.000000e+01	4.638692e+00	1.228881e+01
